56.1987350
56.3468275
56.5228275
56.7547150
56.8848275
57.0537275
57.2684275
57.4004275
57.5704275
57.6968275
57.8952275
58.0952275
58.2307150
58.3602275
58.5216275
58.6838475
58.8121600
58.9536275
59.1316275
59.2984275
59.4715675
59.6455475
59.8215725
59.9856275
60.0809825
60.1670475
60.2564275
60.3333275
60.4378275
60.6378275
60.7340275
60.8791475
61.0752275
61.2684275
61.4868275
61.6480275
61.8264275
61.9953275
62.4538550
62.6212275
62.6988275
62.8013725
62.8809275
63.0458675
63.2336825
63.4336825
63.5733875
63.9733875
64.1223725
64.2165875
64.3236275
64.4381400
64.5732275
64.7056275
64.8629400
65.0266075
65.1792275
65.3421275
65.4929075
65.6690675
65.8362275
65.9764275
66.1068275
66.2463475
66.4122825
66.6122825
66.7428275
66.8958275
67.0332275
67.1777625
67.3173275
67.4744275
67.6332275
67.7988275
67.9710925
68.1142575
68.2764275
68.4436275
68.6019525
68.7497625
68.8722275
69.0163475
69.1418675
69.3243275
69.4998925
69.6471275
69.8007725
69.9705600
70.1220275
70.2847125
70.4847125
70.6132675
70.7784275
70.9444275
71.0782950
71.2110275
71.3711375
71.5409075
71.7023475
71.8598125
72.0420275
72.2205525
72.3936275
72.5583275
72.6690825
72.7867675
72.9468275
73.1141875
73.2764275
73.4283025
73.6027475
73.7712275
73.9467800
74.1193075
74.2764275
74.3882675
74.5542925
74.7054725
74.8977875
75.0953075
75.2352275
75.3795525
75.5244275
75.6982950
75.8703275
76.0351125
76.2084275
76.3367200
76.4835025
76.6465350
76.8077725
76.9257600
77.0635150
77.2041600
77.3532275
77.5228275
77.6698275
77.8382950
78.0012275
78.1705350
78.3353425
78.5176650
78.6828275
78.8188275
78.9745975
79.1372275
79.2912275
79.4912275
79.6167100
79.7859800
79.9526125
80.1141875
80.2575275
80.4320825
80.6292275
80.7909875
80.9381400
81.0996275
81.2501725
81.4112825
81.5438475
81.7065600
81.8756275
82.0756275
82.2210275
82.4054125
82.5762950
82.7441075
82.9177175
83.1177175
83.2821875
83.4456275
83.5947525
83.7666825
83.9183200
84.0909275
84.2407475
84.4084775
84.5756275
84.7563275
84.9110675
85.0596275
85.2122675
85.3793075
85.5848825
85.7659475
85.9268275
86.0831375
86.2354775
86.4014950
86.5675150
86.7308275
86.8818275
87.0218675
87.1993600
87.3647375
87.5336575
87.6945600
87.8657425
88.0328575
88.2015725
88.3678950
88.5193350
88.6916275
88.8630925
89.0282675
89.1670275
89.3314425
89.5049625
89.6681075
89.8279475
89.9928275
90.1656275
90.3520275
90.5076275
90.6741875
90.8741875
91.0177600
91.1844275
91.3737875
91.5383200
91.6942275
91.8612275
92.0612275
92.2109400
92.3743475
92.5743475
92.7319900
92.8899025
93.0686125
93.2426675
93.3987275
93.5584775
93.7278275
93.8731150
94.0489350
94.2129275
94.3738675
94.5269725
94.6860275
94.8184275
94.9800275
95.1403150
95.2786075
95.4308275
95.5760575
95.7561875
95.9119900
96.0639725
96.2100275
96.3734000
96.5388275
96.7014275
96.8108275
96.9788275
97.1379025
97.2993275
97.4683150
97.6293625
97.8038125
97.9543475
98.1209075
98.2831900
98.4324275
98.5878925
98.7336275
98.8537600
99.0175475
99.1696275
99.3789275
99.4969975
99.6413075
99.8177825
99.9502275
100.1004275
100.2534275
100.4126675
100.5687275
100.6973075
100.8249275
100.9893525
101.1562550
101.3130825
101.4643475
101.6156850
101.8156850
101.9386550
102.0943900
102.2529875
102.4036275
102.5661025
102.7345975
102.8906675
103.0421400
103.2095375
103.3316275
103.4808275
103.6278275
103.7812275
103.9411150
104.1268275
104.2982675
104.4486275
104.5760275
104.7317075
104.8762075
105.0762075
105.1953275
105.3503375
105.5086950
105.6636275
105.8286925
105.9977075
106.1743775
106.3476275
106.4940275
106.6580275
106.8171275
106.9870775
107.1746675
107.3767475
107.5315150
107.6992525
107.8577075
108.0577075
108.1941275
108.3627025
108.5316275
108.6933875
108.8392275
108.9768275
109.1404775
109.3037725
109.4625275
109.6284275
109.7827475
109.9113600
110.0281600
110.1447725
110.2657350
110.4385600
110.5899275
110.6828275
110.7886950
110.9115025
111.0516275
111.1756275
111.4023725
111.5761600
111.7806275
111.9372275
112.1011475
112.2590950
112.4209600
112.5778550
112.7244275
112.8948275
113.0636275
113.2209875
113.3745600
113.5193075
113.6367275
113.7775475
113.9537425
114.1176275
114.2649600
114.4248275
114.5889275
114.7122275
114.8537425
115.0212275
115.1872275
115.3290275
115.4862275
115.6425075
115.8101075
115.9904275
116.1176825
116.2506275
116.3993075
116.5600650
116.7213275
116.8908275
117.0682275
117.2205025
117.3780275
117.5090675
117.6684275
117.8495375
118.0380275
118.1547275
118.3022275
118.4429400
118.5975275
118.7208275
118.9037400
119.0445275
119.2011525
119.3247725
119.4468275
119.6400275
119.8802675
120.0501625
120.1512275
120.2784275
120.4537775
120.6039975
120.7188275
120.8434775
120.9444275
121.1002275
121.2553775
121.4257350
121.5906825
121.7538275
121.9221875
122.0586275
122.2382950
122.4021025
122.5704975
122.7453875
122.9110775
123.0749400
123.2246675
123.3520275
123.5232275
123.6705600
123.8284275
123.9800275
124.1433875
124.3077025
124.4775275
124.6329875
124.7836275
124.9262125
125.1021875
125.2478475
125.4045275
125.5219150
125.7026675
125.8864650
126.0258675
126.1905275
126.3458675
126.5458675
126.7044275
126.8813400
127.0253075
127.1798275
127.3389875
127.4858275
127.6496275
127.8619150
128.0204275
128.1642275
128.3071475
128.4649350
128.6244275
128.7675525
128.9364275
129.1364275
129.2774950
129.4366275
129.5890550
129.7490150
129.9132275
130.0650275
130.1641775
130.3131525
130.4792275
130.6404275
130.7954675
130.9954675
131.1418275
131.3028275
131.4914275
131.6700275
131.8466675
132.0021875
132.1580275
132.3290675
132.5290675
132.6828275
132.8382725
132.9894275
133.1275475
133.2825875
133.4540275
133.5780275
133.7442275
133.8924275
134.0403525
134.1953075
134.3309400
134.4631475
134.6304275
134.7950950
134.9679975
135.3918575
135.5736275
135.7368275
135.9123275
136.0340275
136.1980875
136.3714425
136.5331475
136.6994675
136.8413400
136.9996275
137.1624275
137.3347675
137.5347675
137.6702475
137.8201350
137.9866425
138.1557275
138.3377075
138.5089175
138.6748775
138.8188275
138.9718950
139.1350275
139.3203275
139.4896275
139.6545875
139.8267275
139.9959975
140.1630925
140.3345625
140.4982950
140.6584275
140.8320275
140.9899475
141.1575475
141.3187150
141.4843675
141.6254275
141.8000275
141.9718950
142.1086275
142.2870925
142.4460275
142.5966275
142.7498675
142.9102575
143.0566950
143.2265075
143.3859525
143.4756275
143.6264825
143.8104275
143.9526925
144.1036275
144.2660275
144.4286275
144.5916275
144.7252275
144.8543200
145.0076275
145.1540275
145.3005275
145.4702475
145.6309875
145.7737350
145.8860275
146.0484275
146.2484275
146.3602275
146.5388275
146.7010075
146.8293875
146.9593350
147.1236275
147.2805025
147.3738825
147.5040275
147.6630925
147.8311475
147.9718575
148.1119475
148.2655475
148.4127725
148.5704825
148.7294125
148.8886575
149.0447200
149.2056275
149.3635350
149.5332275
149.6937875
149.8726575
150.0574275
150.2202275
150.4202275
150.5782575
150.7544825
150.9326475
151.0942950
151.2196275
151.3867150
151.5247475
151.6572275
151.8389400
151.9635525
152.0624275
152.1825275
152.3412275
152.4938675
152.6504825
152.7996275
152.9222275
153.0382175
153.1918575
153.3500275
153.5050075
153.6571150
153.8179150
153.9732275
154.1244275
154.2846925
154.4405725
154.6109400
154.7804275
154.9804275
155.1159725
155.2849075
155.4499150
155.5800275
155.7122275
155.8796275
156.0422950
156.2169275
156.4015900
156.5937875
156.7599275
156.9211475
157.1211475
157.2719375
157.4719375
157.6018775
157.7658275
157.9326275
158.0762675
158.2437025
158.4006925
158.5431725
158.7165875
158.8563275
159.0158950
159.1814275
159.3466075
159.5050925
159.7050925
159.8567375
160.0222275
160.1918950
160.3728975
160.5475150
160.7072825
160.8780275
161.0282675
161.1990275
161.3990275
161.5592275
161.7145350
161.8534950
161.9779150
162.1136275
162.2665975
162.4418675
162.6208275
162.7884275
162.9469775
163.1071900
163.2775125
163.4390000
163.5969275
163.7420275
163.9008275
164.0619275
164.2359275
164.3961275
164.5502125
164.7180275
164.8671275
165.0281075
165.1953275
165.3598275
165.4924275
165.6285875
165.7688275
165.9189275
166.0814125
166.2500850
166.4119125
166.5753600
166.7261400
166.8867025
167.0383475
167.1922075
167.3345075
167.4361975
167.5485275
167.6820275
167.7794675
167.9364275
168.1022950
168.2726125
168.4428275
168.6252275
168.7585975
168.8732275
169.0732275
169.2156275
169.3776275
169.5330675
169.7330675
169.8675700
170.0334275
170.1966275
170.3706825
170.5495475
170.7495475
170.8975125
171.0702925
171.2497600
171.4127475
171.5144275
171.6528275
171.8240825
171.9793600
172.1148275
172.2504275
172.4088275
172.5640275
172.6925400
172.8378275
172.9588275
173.0782575
173.2318275
173.3998275
173.5479475
173.7092275
173.8644275
174.0858275
174.2748275
174.4392275
174.6312275
174.7734275
174.9502575
175.1037875
175.3037875
175.4946275
175.6445400
175.8115150
176.0273825
176.1584825
176.2428275
176.4077725
176.6028275
176.7752275
176.9035150
177.1078275
177.2096825
177.4096825
177.5457275
177.6564275
189.8832275
190.0586675
190.2449075
190.4305075
190.5672275
190.7086950
190.8867275
191.0305350
191.2124850
191.3923475
191.6316275
191.8071275
191.9550925
192.1891150
192.3385975
192.4990275
192.6846275
192.8101875
192.9645525
193.1279200
193.2868275
193.4460275
193.6181725
193.7541875
193.9174575
194.0521600
194.2101025
194.3737175
194.5470275
194.6900275
194.8262950
195.0036275
195.1631200
195.2957400
195.4377600
195.5784275
195.7224275
195.8940275
196.0467525
196.2174925
196.3701275
196.5423275
196.7004275
196.8534925
196.9989875
197.1408275
197.2537975
197.3868275
197.5112275
197.6823725
197.8038925
197.9308275
198.0983200
198.2396275
198.3602675
198.5079275
198.6312275
198.7594075
198.9081875
199.0712475
199.1820275
199.3128275
199.4789400
199.6311725
199.7642275
199.9369350
200.0751275
200.2218275
200.3897825
200.5897825
200.7406575
200.9156275
201.0521825
201.2092275
201.3457600
201.4925075
201.6353625
201.7633975
201.8820275
202.0310475
202.2084275
202.4316275
202.6080275
202.7660275
202.9660275
203.1176825
203.2910000
203.4456275
203.6064275
203.7698675
203.9212275
204.1212275
204.2388275
204.3862575
204.5465075
204.7102575
204.8553875
204.9788275
205.0805875
205.2010425
205.3655375
205.5222725
205.6692275
205.7801075
205.9397400
206.1225875
206.2594550
206.4189025
206.5400275
206.6664275
206.8361075
207.0000275
207.1468275
207.3095200
207.4688575
207.6281625
207.7860275
207.9860275
208.1287475
208.2780275
208.4176650
208.5242275
208.6848275
208.8518000
208.9988275
209.1859150
209.4114275
209.5898275
209.7681600
209.9292275
210.1292275
210.2635150
210.4230275
210.5787525
210.7402075
210.9047200
211.0653525
211.2325875
211.3982950
211.5982950
211.7602075
211.9215725
212.0724275
212.2489975
212.3948275
212.5366950
212.6988275
212.8716275
213.0453875
213.2015200
213.3672275
213.5169600
213.6693275
213.8192825
213.9939700
214.1610275
214.3275525
214.4662575
214.6322675
214.7908875
214.9625425
215.1297875
215.2757400
215.4757400
215.6101700
215.7740275
215.9740275
216.0984275
216.2544275
216.4184825
216.6276275
216.7580275
216.9212275
217.0812275
217.2670950
217.4325025
217.5937975
217.7508275
217.9099150
218.0740275
218.2052275
218.3344275
218.5344275
218.6311475
218.7372275
218.8368275
218.9645725
219.0652275
219.2439725
219.3833825
219.5518950
219.7632275
219.9402275
220.0592825
220.2333025
220.3954075
220.5643350
220.7201075
220.8817600
221.0040275
221.1066825
221.2483475
221.4091475
221.5584275
221.6636850
221.7992275
221.9663375
222.1232275
222.2401175
222.3473625
222.5155150
222.6574575
222.7692275
222.9104275
223.0821025
223.2457600
223.4275675
223.5798925
223.7362075
223.8881825
224.0414950
224.1594275
224.3144825
224.4795525
224.6357075
224.7752825
224.9306275
225.1050825
225.2839475
225.4869025
225.6226075
225.7980275
225.9415125
226.1260275
226.2948275
226.4493875
226.6276275
226.8386675
227.0334275
227.2062625
227.3415725
227.4941725
227.6572275
227.8985825
228.0307675
228.1764275
228.3206675
228.5446575
228.7256275
228.8777075
229.0362275
229.2214950
229.3555475
229.4760275
229.6251525
229.7829275
229.9452275
230.0925875
230.2509875
230.4072275
230.5224275
230.6910275
230.8812275
231.0456275
231.1950275
231.3257625
231.4831475
231.6252275
231.8061275
231.9845400
232.1290075
232.3098275
232.4628275
232.6365025
232.8033275
233.0164275
233.1428275
233.2868275
233.4094950
233.5483150
233.6475025
233.7780275
233.8972875
234.0063275
234.1668275
234.3326475
234.5326475
234.6516275
234.8157525
234.9825875
235.1552825
235.2930275
235.4722275
235.6330425
235.7940275
235.9488275
236.1024275
236.2700275
236.4267525
236.5773275
236.7320575
236.8967575
237.0518125
237.2105425
237.3910950
237.5748275
237.7290275
237.8918000
238.0266275
238.1409075
238.2852275
238.4817600
238.6480650
238.8115150
238.9714075
239.1348275
239.2921975
239.4582275
239.6332275
239.7905075
239.9352275
240.0927725
240.2545350
240.4761275
240.6184275
240.7758275
240.9271900
241.0819150
241.2594275
241.4452275
241.6659275
241.8604275
242.0292275
242.1948275
242.3496275
242.5175375
242.6858675
242.8326275
242.9967975
243.1967975
243.3798275
243.7999475
243.9801275
244.1192275
244.2393275
244.4052275
244.5522275
244.7007725
244.9007725
245.0534275
245.2131525
245.3790275
245.5348275
245.6436275
245.8322275
246.0322275
246.1606575
246.3309275
246.4828275
246.6608275
246.8838275
247.0566275
247.2039275
247.3750275
247.5254675
247.6873175
247.8804275
248.0430275
248.2156275
248.3649275
248.5476275
248.6905175
248.8503725
248.9690675
249.1129600
249.2683675
249.4193075
249.5281075
249.6878475
249.8647475
250.0402675
250.2289350
250.4038950
250.5619150
250.7209600
250.8866675
251.0412275
251.1868875
251.3700275
251.5311975
251.6734575
251.8126575
251.9669075
252.0991475
252.2457275
252.4201350
252.5064275
252.6720275
252.8940275
253.0858075
253.2060275
253.3632275
253.5188275
253.6827275
253.8483025
254.0199275
254.1813025
254.3058275
254.4492275
254.5873600
254.7714275
254.9500775
255.1247200
255.2763025
255.4465600
255.5975475
255.8172275
255.9864275
256.1534275
256.3238950
256.5180275
256.6962275
256.8584575
257.0095475
257.2292275
257.3835025
257.5566275
257.7262175
257.8884275
258.0595675
258.2556275
258.4314275
258.5876275
258.7536275
258.9207275
259.0972875
259.2774275
259.4656650
259.6454475
259.8454475
259.9796850
260.1470475
260.3122425
260.4859475
260.6490825
260.7974675
260.9503900
261.1167975
261.2910275
261.4383725
261.6041075
261.7807475
261.9666275
262.1463725
262.3232825
262.4884775
262.6884775
262.8161825
263.0161825
263.1523475
263.3175275
263.4775475
263.8900275
264.0748275
264.2493275
264.4275275
264.5916275
264.7297975
264.8857975
265.0483150
265.2217350
265.3590925
265.4530675
265.6242275
265.7791475
265.9386825
266.0994825
266.2921975
266.4588275
266.6234675
266.7713075
266.9469025
267.1200275
267.3156275
267.5056775
267.6869875
267.8517025
268.0206925
268.1916275
268.3570425
268.5230275
268.6746275
268.8484275
269.0144575
269.1756275
269.3425975
269.5178675
269.7213275
269.8774575
270.0210275
270.1675150
270.3150925
270.4576275
270.6297275
270.8082275
271.0082275
271.1420750
271.2428275
271.3702575
271.5655475
271.7571525
271.8816275
272.0200075
272.1861875
272.2914275
272.3911475
272.5142275
272.6348275
272.7571150
272.9214275
273.1148275
273.2753825
273.4775200
273.6030275
273.7464275
273.9076275
274.0826275
274.2172275
274.3784275
274.8300275
274.9961075
275.1628875
275.3154825
275.4706925
275.6254950
275.8046950
276.0221400
276.1816275
276.3910575
276.5729075
276.7495475
276.8617350
276.9549875
277.1092275
277.3874675
277.5738275
277.7006125
277.8698275
278.0154275
278.2592825
278.3630000
278.5224275
278.6772275
278.8354275
279.0058275
279.1683025
279.3288275
279.4728275
279.6401075
279.7913075
279.9398950
280.0949075
280.2288275
280.3795475
280.5795475
280.7458550
280.9073825
281.0650275
281.2274375
281.3889075
281.5501775
281.7151475
281.8880025
282.0628875
282.2500275
282.4565400
282.6255275
282.7702275
282.8734950
282.9618275
283.1618275
283.3172275
283.5041075
283.6830925
283.8529975
284.0070275
284.2596275
284.4156275
284.5738075
284.7273875
284.9004275
285.0786275
285.3242675
285.4983275
285.6444275
285.7880275
285.9660275
286.1452875
286.3055200
286.4840825
286.6430475
286.7997875
286.9276275
287.0611675
287.2303900
287.3917775
287.5639900
287.7231275
287.8858075
288.0449425
288.2119900
288.3790575
288.5992275
288.7884275
288.9492275
289.1239125
289.3031375
289.4681625
289.6306275
289.8004275
289.9735900
290.1318275
290.2633600
290.4291025
290.6063475
290.7705875
290.9386425
291.1092275
291.2945075
291.4700275
291.6403150
291.7836275
291.9175475
292.0721075
292.2146675
292.3726575
292.5640275
292.7542575
293.0113600
293.1501525
293.2994275
293.4538775
293.6273825
293.7919900
293.9564275
294.1541725
294.3252275
294.4808825
294.6518475
294.8140275
294.9988275
295.1417625
295.3083275
295.4688275
295.6056275
295.7717400
295.9128275
296.0606475
296.2214125
296.3942275
296.5662550
296.7369875
296.8980275
297.0690275
297.2268275
297.3697600
297.5287475
297.6954275
297.8543375
298.0224275
298.1957075
298.3498075
298.5165025
298.6774950
298.8206950
298.9922675
299.1692275
299.3250275
299.4864275
299.6561825
299.8302725
300.0040275
300.1948275
300.3595150
300.5037875
300.5995475
300.7374275
300.8720275
301.0720275
301.2265600
301.3910675
301.5444275
301.6870950
301.8327275
301.9838950
302.1367475
302.3377975
302.5219150
302.7122275
302.9052275
303.0940275
303.2863475
303.4384650
303.6073350
303.7596275
303.9188275
304.0690275
304.2357275
304.4043275
304.5588275
304.7032275
304.8588275
305.0148275
305.1876275
305.3292275
305.4818375
305.6601075
305.8134275
305.9712275
306.1287275
306.2669725
306.3560825
306.5076275
306.6460275
306.8054125
307.0054125
307.1812275
307.3744275
307.5060275
307.6702950
307.8702275
308.0215475
308.2053875
308.3772275
308.6100275
308.7763150
339.3054950
339.4232825
339.5715275
339.7068275
339.8112275
339.9272275
340.0553425
340.1814275
340.3118675
340.4443150
341.3215475
341.4889975
341.5627475
341.6770075
341.8253400
341.9121275
342.0216275
342.1673625
342.3024275
342.4793075
342.6477525
342.8252275
342.9847125
343.1225625
343.2752825
343.4752825
343.5903975
343.7109875
343.8703475
344.0280275
344.1964275
344.2746275
344.4307475
344.5672275
344.6981075
344.8065600
344.9648275
345.1648275
345.3003525
345.4740275
345.6510275
345.7341275
345.8715275
346.0226675
346.1598275
346.3056275
346.4686275
346.6509025
346.7991725
346.9070000
347.0534675
347.1567725
347.3132275
347.4948275
347.7285875
347.8802275
348.0105600
348.1217075
348.2940275
348.4679475
348.6124875
348.7605875
352.1536275
352.3029275
352.4694275
352.6725875
352.8293400
353.0164275
353.2348275
353.3982725
353.5271200
353.6866075
353.8299525
353.9868275
354.1345600
354.2872525
354.4554275
354.6165275
354.7873600
354.9221075
355.0945075
355.2822925
355.4343475
355.5496275
355.7336825
358.1961600
358.3533275
358.5271475
358.6942575
358.8819275
359.0284275
359.2036275
359.4444275
359.6406275
359.8169075
360.0104275
360.1545275
360.3588275
360.5340275
360.6799775
360.8520275
361.0068275
361.1900275
361.4344275
361.6029875
361.7079275
361.8615725
362.0007275
362.2053275
362.3556275
362.5377600
362.6351200
362.8351200
363.0175475
363.1574950
363.3230125
363.4745075
363.6402825
363.8006475
363.9975725
364.1638575
364.3132275
364.4810675
364.6467025
364.7857600
364.9485875
365.0993075
365.2536275
365.4223900
365.5795475
365.7259475
365.8671275
366.0152275
366.1353600
366.3015725
366.4633975
366.6189875
366.7830625
366.9486275
367.1155875
367.2848575
367.4604275
367.5849875
367.7436275
367.9290825
368.1113625
368.2449275
368.3822475
368.4962675
368.6639200
368.8377600
369.0234275
369.2439725
369.4072275
369.5716275
369.7262125
369.8772275
370.0480650
370.2021275
370.3555150
370.4886925
370.6749275
370.8264275
370.9288275
371.0833975
371.2621775
371.4355675
371.5924275
371.7117025
371.8768775
372.0470475
372.2178275
372.3986275
372.5646925
372.7180275
372.8537075
373.0075775
373.1742725
373.3387475
373.5081275
373.6784825
373.8290675
373.9932275
374.1932275
374.2922675
374.4625775
374.6289275
375.0289275
375.1908275
375.3501875
375.5083475
375.6631475
375.8124275
375.9084275
376.0654575
376.1908275
376.3080275
376.4614575
376.6176275
376.8268275
377.0137350
383.6091525
383.7564275
383.8911725
384.0612275
384.2121875
384.3591475
384.5108275
384.6436275
384.7580275
384.9580275
385.1244275
385.3039900
385.4364275
385.5795525
385.7383475
385.8977075
386.0730825
386.2484275
386.3990275
386.5512275
386.7188275
386.8644275
387.0175900
387.1694475
387.3124275
387.4466150
387.6046275
387.7713600
387.9265775
388.0873075
388.2501875
388.4751275
388.6404275
388.8034425
389.0034425
389.1321600
389.2804275
389.4422675
389.8678950
390.0358775
390.2034600
390.3673600
390.5346825
390.9346825
391.0695275
391.2252275
391.3823375
391.5573025
391.7274275
391.8942275
392.0707475
392.2506825
392.3913600
392.5658675
392.7512825
392.8949400
393.0204275
393.1877725
393.3439900
393.5244275
393.6748275
393.8119475
393.9582725
394.1292275
394.2879275
394.4586275
394.5778075
394.7004275
394.8656275
395.0238725
395.1906825
395.3543375
395.5000275
395.6480275
395.8078950
395.9652275
396.1145825
396.2724275
396.4281275
396.5998950
396.7629525
396.9499150
397.1131150
397.2938275
397.4637275
397.5413075
397.7190925
397.8889600
398.0439475
398.2184825
398.4030925
398.5785600
398.7276275
398.8721075
399.0315525
399.1876875
399.3466075
399.5010825
399.6630275
399.8450675
400.0154675
400.1021400
400.2756275
400.4472275
400.8796875
401.0520275
401.2208275
401.4145975
401.5946675
401.8051150
401.9582125
402.1582125
402.2541125
402.4068275
402.5734950
402.7540275
402.9452275
403.1484275
403.2636275
403.4184275
403.5280075
403.9280075
404.0505275
404.2662275
404.4168275
404.6168275
404.7501025
404.8687475
404.9596275
405.0864275
405.2827475
405.3761625
405.4833875
415.8408275
416.0406925
416.2209875
416.4132275
416.5326275
416.6809775
416.7972275
416.9572275
417.1157075
417.2631725
417.4162675
417.5780275
417.7300875
417.8918275
418.0364275
418.1724275
418.3351475
418.4759375
418.6402550
418.8199775
418.9932275
419.1472275
419.3550925
419.5169075
419.6905975
419.8412275
419.9752275
420.1365875
420.2796275
420.4672775
420.6522275
420.8192825
420.9837275
421.1271975
421.3032275
421.4759200
421.6372875
421.8532275
422.0269875
422.1816275
422.3431900
422.4929825
422.6577275
422.8028275
422.9618675
423.1215725
423.2796275
423.4348275
423.6084275
423.7738550
423.9379150
424.1097275
424.2860275
424.4540275
424.5780275
424.7780275
424.9484275
425.0299475
425.1772275
425.3541875
425.5541875
425.6978675
425.8636275
426.0225600
426.1757075
426.3201275
426.4831900
426.6401425
426.8401425
426.9559475
427.0932275
427.2400650
427.3956275
427.5697350
427.7385600
427.9269875
428.0959125
428.2803275
428.4720275
428.6292275
428.7885025
428.9329975
429.0656825
429.2164275
429.3904775
429.5518775
429.7202675
429.8726950
430.0197875
430.1857975
430.3116275
466.2847900
466.4412275
466.5964275
466.7548875
466.9281600
467.1025350
467.2653275
467.4228275
467.5972275
467.7239200
467.8857725
467.9961075
468.1648650
468.3334575
468.4833275
468.6201875
468.7218275
468.8420275
468.9837875
469.1517875
469.3011525
469.4364275
469.5889350
469.7061875
469.8543275
470.0168825
470.1313175
470.2492275
470.4372275
470.6292275
470.8644275
471.0306275
471.1694000
471.3164275
471.4637400
471.5979275
471.6988875
471.8810675
472.0102575
472.1239475
472.2850275
472.4353975
472.6138550
472.7825075
472.9339150
473.0717400
473.2266825
473.3439275
473.4821400
473.5928825
473.7446125
473.9000275
474.0764275
474.2648275
474.4430950
474.5857350
474.7329875
474.9028275
474.9945600
475.1136275
475.2636275
475.4988275
475.6629425
475.7665175
475.8993600
476.0682825
476.2257875
476.4012275
476.5484275
476.6976275
476.8328825
476.9942675
477.1520275
477.2851150
477.4548275
477.5916275
477.7373400
477.9045875
478.1094275
478.2801275
478.4268275
478.5886575
478.7337875
478.8963025
479.0830950
479.2493075
479.3942950
479.5526275
479.7065075
479.8660875
480.0422950
480.1788275
480.3202275
480.4922675
480.6654275
480.8429075
481.0014925
481.1949875
481.3854275
481.5399725
481.6926275
481.8561275
482.0224650
482.1965075
482.4097600
482.5569600
482.7230475
482.8536275
482.9717725
483.0671200
483.1988275
483.3510275
483.4578275
483.5854275
483.6981525
483.8728650
484.0537600
484.2462925
484.3602275
484.5360275
484.6752275
484.8542125
485.0940275
485.2850675
485.4350675
485.6412275
485.7713075
485.8898675
555.2286275
555.3567275
555.5200275
555.6468275
555.7502950
555.8877025
556.0108275
556.1592275
556.2828275
556.3932275
556.5218275
556.6980275
556.8660275
557.0481600
557.1761625
557.3085525
557.4504275
557.5812275
557.7316275
557.8752275
557.9729825
558.1275275
558.2916275
558.4519475
558.6655125
558.8292275
558.9916275
559.1372850
559.2596275
559.3939475
559.5538675
559.7445275
559.9320275
560.1728275
560.3118275
560.4724275
560.6296650
560.7458275
560.8976825
561.0806675
561.2285075
561.3999275
561.5637875
561.7926275
561.9409975
562.0728275
562.2296825
562.3828875
562.5309275
562.6637400
562.8060275
562.9574950
563.0997025
563.2433625
563.4015275
563.5651150
563.7308275
563.8479275
563.9988275
564.1594550
564.3039975
564.4699150
564.6581400
564.8660275
565.0601625
565.2653400
565.4239475
565.5758675
565.7336275
565.8836275
566.0717400
566.2260275
566.3763275
566.5718950
566.7537275
566.8777350
567.0020275
567.1604275
567.2830950
567.4456275
567.5918950
567.7529625
567.9114275
568.0886475
568.2537875
568.4164275
568.5678275
568.7066675
568.8492275
569.0165600
569.1737625
569.3287475
569.4676275
569.6244275
569.7781775
569.9416775
570.0987425
570.2645875
570.4332275
570.6332275
570.7846575
570.9636275
571.1398950
571.3260275
571.4719475
571.6526275
571.8084275
571.9665275
572.1274425
572.2841075
572.4230950
572.5853725
572.7306275
572.8284275
572.9052275
573.0284275
573.2371475
573.4231900
573.6215375
573.7809275
573.9564275
574.1469875
574.3056275
574.4754825
574.6300275
574.7806950
574.9545875
575.1149400
575.2796275
575.3652275
575.5464275
575.7726925
575.9379525
576.1087475
576.2860275
576.4668275
576.6204275
576.7822275
576.9209625
577.0934675
577.3084275
577.4311475
577.6146825
577.7909400
577.8894275
578.0470950
578.1938675
578.3705625
578.4969075
578.6040275
579.0409975
579.2140275
579.3654925
579.4836275
579.6092275
579.6751475
579.7903475
579.8902275
580.0241075
580.1453725
580.2762275
580.4873075
580.5844275
580.7528275
580.9206275